/// @DnDAction : YoYo Games.Common.Execute_Code
/// @DnDVersion : 1
/// @DnDHash : 1B58DB07
/// @DnDArgument : "code" "hsp=0;$(13_10)vsp=0;$(13_10)$(13_10)hspl=16;$(13_10)vspl=16;$(13_10)$(13_10)acc=0.046875;$(13_10)dcc=0.5;$(13_10)$(13_10)frc=0.046875;$(13_10)$(13_10)grv=0.021875;$(13_10)$(13_10)ground = false;"
hsp=0;
vsp=0;

hspl=16;
vspl=16;

acc=0.046875;
dcc=0.5;

frc=0.046875;

grv=0.021875;

ground = false;